1 1 2 0.949 1 4
1 1 3 0.636 1 2
1 1 4 0.881 1 3
1 2 3 0.086 4 2
1 2 4 0.283 4 3
1 3 4 0.809 2 3
2 1 2 0.445 5 4
2 1 3 0.398 5 2
2 1 4 0.436 5 3
2 1 5 0.576 5 6
2 1 6 0.666 5 7
2 1 7 0.810 5 8
2 1 8 0.310 5 1
2 2 3 0.451 4 2
2 2 4 0.491 4 3
2 2 5 0.629 4 6
2 2 6 0.713 4 7
2 2 7 0.841 4 8
2 2 8 0.358 4 1
2 3 4 0.539 2 3
2 3 5 0.673 2 6
2 3 6 0.751 2 7
2 3 7 0.866 2 8
2 3 8 0.405 2 1
2 4 5 0.637 3 6
2 4 6 0.721 3 7
2 4 7 0.846 3 8
2 4 8 0.367 3 1
2 5 6 0.595 6 7
2 5 7 0.758 6 8
2 5 8 0.248 6 1
2 6 7 0.681 7 8
2 6 8 0.184 7 1
2 7 8 0.095 8 1
3 1 2 0.598 1 2
5 1 2 0.565 2 4
5 1 3 0.071 2 1
5 1 4 0.520 2 3
5 2 3 0.056 4 1
5 2 4 0.454 4 3
5 3 4 0.934 1 3
6 1 2 0.259 4 2
6 1 3 0.495 4 3
6 1 4 0.597 4 5
6 1 5 0.774 4 6
6 1 6 0.230 4 1
6 2 3 0.737 2 3
6 2 4 0.809 2 5
6 2 5 0.907 2 6
6 2 6 0.461 2 1
6 3 4 0.602 3 5
6 3 5 0.778 3 6
6 3 6 0.234 3 1
6 4 5 0.699 5 6
6 4 6 0.168 5 1
6 5 6 0.080 6 1
7 1 2 0.637 1 2
7 1 3 0.694 1 3
7 2 3 0.564 2 3
8 1 2 0.554 1 2
9 1 2 0.944 1 3
9 1 3 0.794 1 2
9 2 3 0.187 3 2
10 1 2 0.010 2 1
11 1 2 0.575 2 3
11 1 3 0.244 2 1
11 1 4 0.752 2 4
11 2 3 0.192 3 1
11 2 4 0.692 3 4
11 3 4 0.904 1 4
12 1 2 0.099 2 1
13 1 2 0.772 1 2
14 1 2 0.881 1 2
18 1 2 0.530 1 2
18 1 3 0.779 1 4
18 1 4 0.629 1 3
18 2 3 0.757 2 4
18 2 4 0.601 2 3
18 3 4 0.325 4 3
19 1 2 0.402 2 1
20 1 2 0.455 2 1
22 1 2 0.620 1 2
22 1 3 0.826 1 3
22 1 4 0.832 1 4
22 2 3 0.745 2 3
22 2 4 0.753 2 4
22 3 4 0.511 3 4
23 1 2 0.618 1 2
23 1 3 0.817 1 3
23 2 3 0.734 2 3
24 1 2 0.100 3 2
24 1 3 0.062 3 1
24 2 3 0.374 2 1
25 1 2 0.663 1 2
26 1 2 0.366 2 1
28 1 2 0.010 2 1
29 1 2 0.156 3 1
29 1 3 0.156 3 2
29 2 3 0.500 1 2
30 1 2 0.905 2 3
30 1 3 0.421 2 1
30 2 3 0.071 3 1
31 1 2 0.623 1 2
32 1 2 0.337 2 1
34 1 2 0.420 3 2
34 1 3 0.318 3 1
34 2 3 0.392 2 1
35 1 2 0.324 3 2
35 1 3 0.277 3 1
35 1 4 0.512 3 4
35 2 3 0.445 2 1
35 2 4 0.687 2 4
35 3 4 0.732 1 4
36 1 2 0.919 1 3
36 1 3 0.826 1 2
36 2 3 0.297 3 2
37 1 2 0.235 3 1
37 1 3 0.499 3 2
37 1 4 0.576 3 5
37 1 5 0.553 3 4
37 2 3 0.764 1 2
37 2 4 0.815 1 5
37 2 5 0.801 1 4
37 3 4 0.577 2 5
37 3 5 0.554 2 4
37 4 5 0.477 5 4
38 1 2 0.190 5 1
38 1 3 0.434 5 4
38 1 4 0.322 5 2
38 1 5 0.339 5 3
38 2 3 0.766 1 4
38 2 4 0.669 1 2
38 2 5 0.686 1 3
38 3 4 0.382 4 2
38 3 5 0.401 4 3
38 4 5 0.520 2 3
39 1 2 0.673 2 3
39 1 3 0.476 2 1
39 1 4 0.871 2 4
39 2 3 0.306 3 1
39 2 4 0.767 3 4
39 3 4 0.882 1 4
40 1 2 0.950 2 3
40 1 3 0.188 2 1
40 2 3 0.012 3 1
41 1 2 0.460 2 1
41 1 3 0.781 2 3
41 1 4 0.911 2 4
41 2 3 0.807 1 3
41 2 4 0.923 1 4
41 3 4 0.741 3 4
42 1 2 0.990 1 2
43 1 2 0.076 6 2
43 1 3 0.268 6 5
43 1 4 0.088 6 4
43 1 5 0.019 6 1
43 1 6 0.520 6 7
43 1 7 0.080 6 3
43 2 3 0.817 2 5
43 2 4 0.539 2 4
43 2 5 0.193 2 1
43 2 6 0.930 2 7
43 2 7 0.515 2 3
43 3 4 0.208 5 4
43 3 5 0.051 5 1
43 3 6 0.747 5 7
43 3 7 0.192 5 3
43 4 5 0.170 4 1
43 4 6 0.919 4 7
43 4 7 0.476 4 3
43 5 6 0.982 1 7
43 5 7 0.816 1 3
43 6 7 0.075 7 3
44 1 2 0.764 2 3
44 1 3 0.367 2 1
44 2 3 0.152 3 1
45 1 2 0.529 2 3
45 1 3 0.443 2 1
45 2 3 0.414 3 1
46 1 2 0.772 1 2
49 1 2 0.188 2 1
50 1 2 0.710 1 2

